Path is: working/D6_microscopy_interpolated_PCHIP.csv
i	j	length	error
0	34	35	19.6464
0	35	36	17.5343
0	36	37	22.8317
0	37	38	30.8205
0	38	39	38.8404
0	39	40	46.2817
0	40	41	53.2185
0	41	42	59.7557
0	42	43	65.9960
0	43	44	72.0225
0	44	45	77.8941
0	45	46	83.7009
0	46	47	89.5140
0	47	48	95.2651
0	48	49	100.8613
0	49	50	105.8347
0	50	51	109.4154
0	51	52	111.9090
0	52	53	114.3791
0	53	54	116.8138
0	54	55	118.9713
0	55	56	121.2813
0	56	57	123.5407
0	57	58	125.1275
0	58	59	126.1074
0	59	60	126.4460
0	60	61	126.3724
0	61	62	126.1514
0	62	63	125.7903
0	63	64	125.2185
0	64	65	124.0496
0	65	66	121.6182
0	66	67	117.1477
0	67	68	111.7104
0	68	69	108.2012
1	35	35	19.6464
1	36	36	17.5343
1	37	37	22.8317
1	38	38	30.8205
1	39	39	38.8404
1	40	40	46.2817
1	41	41	53.2185
1	42	42	59.7557
1	43	43	65.9960
1	44	44	72.0225
1	45	45	77.8941
1	46	46	83.7009
1	47	47	89.5140
1	48	48	95.2651
1	49	49	100.8613
1	50	50	105.8347
1	51	51	109.4154
1	52	52	111.9090
1	53	53	114.3791
1	54	54	116.8138
1	55	55	118.9713
1	56	56	121.2813
1	57	57	123.5407
1	58	58	125.1275
1	59	59	126.1074
1	60	60	126.4460
1	61	61	126.3724
1	62	62	126.1514
1	63	63	125.7903
1	64	64	125.2185
1	65	65	124.0496
1	66	66	121.6182
1	67	67	117.1477
1	68	68	111.7104
1	69	69	108.2012
2	36	35	19.6464
2	37	36	17.5343
2	38	37	22.8317
2	39	38	30.8205
2	40	39	38.8404
2	41	40	46.2817
2	42	41	53.2185
2	43	42	59.7557
2	44	43	65.9960
2	45	44	72.0225
2	46	45	77.8941
2	47	46	83.7009
2	48	47	89.5140
2	49	48	95.2651
2	50	49	100.8613
2	51	50	105.8347
2	52	51	109.4154
2	53	52	111.9090
2	54	53	114.3791
2	55	54	116.8138
2	56	55	118.9713
2	57	56	121.2813
2	58	57	123.5407
2	59	58	125.1275
2	60	59	126.1074
2	61	60	126.4460
2	62	61	126.3724
2	63	62	126.1514
2	64	63	125.7903
2	65	64	125.2185
2	66	65	124.0496
2	67	66	121.6182
2	68	67	117.1477
2	69	68	111.7104
3	37	35	19.6464
3	38	36	17.5343
3	39	37	22.8317
3	40	38	30.8205
3	41	39	38.8404
3	42	40	46.2817
3	43	41	53.2185
3	44	42	59.7557
3	45	43	65.9960
3	46	44	72.0225
3	47	45	77.8941
3	48	46	83.7009
3	49	47	89.5140
3	50	48	95.2651
3	51	49	100.8613
3	52	50	105.8347
3	53	51	109.4154
3	54	52	111.9090
3	55	53	114.3791
3	56	54	116.8138
3	57	55	118.9713
3	58	56	121.2813
3	59	57	123.5407
3	60	58	125.1275
3	61	59	126.1074
3	62	60	126.4460
3	63	61	126.3724
3	64	62	126.1514
3	65	63	125.7903
3	66	64	125.2185
3	67	65	124.0496
3	68	66	121.6182
3	69	67	117.1477
4	38	35	19.6464
4	39	36	17.5343
4	40	37	22.8317
4	41	38	30.8205
4	42	39	38.8404
4	43	40	46.2817
4	44	41	53.2185
4	45	42	59.7557
4	46	43	65.9960
4	47	44	72.0225
4	48	45	77.8941
4	49	46	83.7009
4	50	47	89.5140
4	51	48	95.2651
4	52	49	100.8613
4	53	50	105.8347
4	54	51	109.4154
4	55	52	111.9090
4	56	53	114.3791
4	57	54	116.8138
4	58	55	118.9713
4	59	56	121.2813
4	60	57	123.5407
4	61	58	125.1275
4	62	59	126.1074
4	63	60	126.4460
4	64	61	126.3724
4	65	62	126.1514
4	66	63	125.7903
4	67	64	125.2185
4	68	65	124.0496
4	69	66	121.6182
5	39	35	19.6464
5	40	36	17.5343
5	41	37	22.8317
5	42	38	30.8205
5	43	39	38.8404
5	44	40	46.2817
5	45	41	53.2185
5	46	42	59.7557
5	47	43	65.9960
5	48	44	72.0225
5	49	45	77.8941
5	50	46	83.7009
5	51	47	89.5140
5	52	48	95.2651
5	53	49	100.8613
5	54	50	105.8347
5	55	51	109.4154
5	56	52	111.9090
5	57	53	114.3791
5	58	54	116.8138
5	59	55	118.9713
5	60	56	121.2813
5	61	57	123.5407
5	62	58	125.1275
5	63	59	126.1074
5	64	60	126.4460
5	65	61	126.3724
5	66	62	126.1514
5	67	63	125.7903
5	68	64	125.2185
5	69	65	124.0496
6	40	35	19.6464
6	41	36	17.5343
6	42	37	22.8317
6	43	38	30.8205
6	44	39	38.8404
6	45	40	46.2817
6	46	41	53.2185
6	47	42	59.7557
6	48	43	65.9960
6	49	44	72.0225
6	50	45	77.8941
6	51	46	83.7009
6	52	47	89.5140
6	53	48	95.2651
6	54	49	100.8613
6	55	50	105.8347
6	56	51	109.4154
6	57	52	111.9090
6	58	53	114.3791
6	59	54	116.8138
6	60	55	118.9713
6	61	56	121.2813
6	62	57	123.5407
6	63	58	125.1275
6	64	59	126.1074
6	65	60	126.4460
6	66	61	126.3724
6	67	62	126.1514
6	68	63	125.7903
6	69	64	125.2185
7	41	35	19.6464
7	42	36	17.5343
7	43	37	22.8317
7	44	38	30.8205
7	45	39	38.8404
7	46	40	46.2817
7	47	41	53.2185
7	48	42	59.7557
7	49	43	65.9960
7	50	44	72.0225
7	51	45	77.8941
7	52	46	83.7009
7	53	47	89.5140
7	54	48	95.2651
7	55	49	100.8613
7	56	50	105.8347
7	57	51	109.4154
7	58	52	111.9090
7	59	53	114.3791
7	60	54	116.8138
7	61	55	118.9713
7	62	56	121.2813
7	63	57	123.5407
7	64	58	125.1275
7	65	59	126.1074
7	66	60	126.4460
7	67	61	126.3724
7	68	62	126.1514
7	69	63	125.7903
8	42	35	19.6464
8	43	36	17.5343
8	44	37	22.8317
8	45	38	30.8205
8	46	39	38.8404
8	47	40	46.2817
8	48	41	53.2185
8	49	42	59.7557
8	50	43	65.9960
8	51	44	72.0225
8	52	45	77.8941
8	53	46	83.7009
8	54	47	89.5140
8	55	48	95.2651
8	56	49	100.8613
8	57	50	105.8347
8	58	51	109.4154
8	59	52	111.9090
8	60	53	114.3791
8	61	54	116.8138
8	62	55	118.9713
8	63	56	121.2813
8	64	57	123.5407
8	65	58	125.1275
8	66	59	126.1074
8	67	60	126.4460
8	68	61	126.3724
8	69	62	126.1514
9	43	35	19.6464
9	44	36	17.5343
9	45	37	22.8317
9	46	38	30.8205
9	47	39	38.8404
9	48	40	46.2817
9	49	41	53.2185
9	50	42	59.7557
9	51	43	65.9960
9	52	44	72.0225
9	53	45	77.8941
9	54	46	83.7009
9	55	47	89.5140
9	56	48	95.2651
9	57	49	100.8613
9	58	50	105.8347
9	59	51	109.4154
9	60	52	111.9090
9	61	53	114.3791
9	62	54	116.8138
9	63	55	118.9713
9	64	56	121.2813
9	65	57	123.5407
9	66	58	125.1275
9	67	59	126.1074
9	68	60	126.4460
9	69	61	126.3724
10	44	35	19.6464
10	45	36	17.5343
10	46	37	22.8317
10	47	38	30.8205
10	48	39	38.8404
10	49	40	46.2817
10	50	41	53.2185
10	51	42	59.7557
10	52	43	65.9960
10	53	44	72.0225
10	54	45	77.8941
10	55	46	83.7009
10	56	47	89.5140
10	57	48	95.2651
10	58	49	100.8613
10	59	50	105.8347
10	60	51	109.4154
10	61	52	111.9090
10	62	53	114.3791
10	63	54	116.8138
10	64	55	118.9713
10	65	56	121.2813
10	66	57	123.5407
10	67	58	125.1275
10	68	59	126.1074
10	69	60	126.4460
11	45	35	19.6464
11	46	36	17.5343
11	47	37	22.8317
11	48	38	30.8205
11	49	39	38.8404
11	50	40	46.2817
11	51	41	53.2185
11	52	42	59.7557
11	53	43	65.9960
11	54	44	72.0225
11	55	45	77.8941
11	56	46	83.7009
11	57	47	89.5140
11	58	48	95.2651
11	59	49	100.8613
11	60	50	105.8347
11	61	51	109.4154
11	62	52	111.9090
11	63	53	114.3791
11	64	54	116.8138
11	65	55	118.9713
11	66	56	121.2813
11	67	57	123.5407
11	68	58	125.1275
11	69	59	126.1074
12	46	35	19.6464
12	47	36	17.5343
12	48	37	22.8317
12	49	38	30.8205
12	50	39	38.8404
12	51	40	46.2817
12	52	41	53.2185
12	53	42	59.7557
12	54	43	65.9960
12	55	44	72.0225
12	56	45	77.8941
12	57	46	83.7009
12	58	47	89.5140
12	59	48	95.2651
12	60	49	100.8613
12	61	50	105.8347
12	62	51	109.4154
12	63	52	111.9090
12	64	53	114.3791
12	65	54	116.8138
12	66	55	118.9713
12	67	56	121.2813
12	68	57	123.5407
12	69	58	125.1275
13	47	35	19.6464
13	48	36	17.5343
13	49	37	22.8317
13	50	38	30.8205
13	51	39	38.8404
13	52	40	46.2817
13	53	41	53.2185
13	54	42	59.7557
13	55	43	65.9960
13	56	44	72.0225
13	57	45	77.8941
13	58	46	83.7009
13	59	47	89.5140
13	60	48	95.2651
13	61	49	100.8613
13	62	50	105.8347
13	63	51	109.4154
13	64	52	111.9090
13	65	53	114.3791
13	66	54	116.8138
13	67	55	118.9713
13	68	56	121.2813
13	69	57	123.5407
14	48	35	19.6464
14	49	36	17.5343
14	50	37	22.8317
14	51	38	30.8205
14	52	39	38.8404
14	53	40	46.2817
14	54	41	53.2185
14	55	42	59.7557
14	56	43	65.9960
14	57	44	72.0225
14	58	45	77.8941
14	59	46	83.7009
14	60	47	89.5140
14	61	48	95.2651
14	62	49	100.8613
14	63	50	105.8347
14	64	51	109.4154
14	65	52	111.9090
14	66	53	114.3791
14	67	54	116.8138
14	68	55	118.9713
14	69	56	121.2813
15	49	35	19.6464
15	50	36	17.5343
15	51	37	22.8317
15	52	38	30.8205
15	53	39	38.8404
15	54	40	46.2817
15	55	41	53.2185
15	56	42	59.7557
15	57	43	65.9960
15	58	44	72.0225
15	59	45	77.8941
15	60	46	83.7009
15	61	47	89.5140
15	62	48	95.2651
15	63	49	100.8613
15	64	50	105.8347
15	65	51	109.4154
15	66	52	111.9090
15	67	53	114.3791
15	68	54	116.8138
15	69	55	118.9713
16	50	35	19.6464
16	51	36	17.5343
16	52	37	22.8317
16	53	38	30.8205
16	54	39	38.8404
16	55	40	46.2817
16	56	41	53.2185
16	57	42	59.7557
16	58	43	65.9960
16	59	44	72.0225
16	60	45	77.8941
16	61	46	83.7009
16	62	47	89.5140
16	63	48	95.2651
16	64	49	100.8613
16	65	50	105.8347
16	66	51	109.4154
16	67	52	111.9090
16	68	53	114.3791
16	69	54	116.8138
17	51	35	19.6464
17	52	36	17.5343
17	53	37	22.8317
17	54	38	30.8205
17	55	39	38.8404
17	56	40	46.2817
17	57	41	53.2185
17	58	42	59.7557
17	59	43	65.9960
17	60	44	72.0225
17	61	45	77.8941
17	62	46	83.7009
17	63	47	89.5140
17	64	48	95.2651
17	65	49	100.8613
17	66	50	105.8347
17	67	51	109.4154
17	68	52	111.9090
17	69	53	114.3791
18	52	35	19.6464
18	53	36	17.5343
18	54	37	22.8317
18	55	38	30.8205
18	56	39	38.8404
18	57	40	46.2817
18	58	41	53.2185
18	59	42	59.7557
18	60	43	65.9960
18	61	44	72.0225
18	62	45	77.8941
18	63	46	83.7009
18	64	47	89.5140
18	65	48	95.2651
18	66	49	100.8613
18	67	50	105.8347
18	68	51	109.4154
18	69	52	111.9090
19	53	35	19.6464
19	54	36	17.5343
19	55	37	22.8317
19	56	38	30.8205
19	57	39	38.8404
19	58	40	46.2817
19	59	41	53.2185
19	60	42	59.7557
19	61	43	65.9960
19	62	44	72.0225
19	63	45	77.8941
19	64	46	83.7009
19	65	47	89.5140
19	66	48	95.2651
19	67	49	100.8613
19	68	50	105.8347
19	69	51	109.4154
20	54	35	19.6464
20	55	36	17.5343
20	56	37	22.8317
20	57	38	30.8205
20	58	39	38.8404
20	59	40	46.2817
20	60	41	53.2185
20	61	42	59.7557
20	62	43	65.9960
20	63	44	72.0225
20	64	45	77.8941
20	65	46	83.7009
20	66	47	89.5140
20	67	48	95.2651
20	68	49	100.8613
20	69	50	105.8347
21	55	35	19.6464
21	56	36	17.5343
21	57	37	22.8317
21	58	38	30.8205
21	59	39	38.8404
21	60	40	46.2817
21	61	41	53.2185
21	62	42	59.7557
21	63	43	65.9960
21	64	44	72.0225
21	65	45	77.8941
21	66	46	83.7009
21	67	47	89.5140
21	68	48	95.2651
21	69	49	100.8613
22	56	35	19.6464
22	57	36	17.5343
22	58	37	22.8317
22	59	38	30.8205
22	60	39	38.8404
22	61	40	46.2817
22	62	41	53.2185
22	63	42	59.7557
22	64	43	65.9960
22	65	44	72.0225
22	66	45	77.8941
22	67	46	83.7009
22	68	47	89.5140
22	69	48	95.2651
23	57	35	19.6464
23	58	36	17.5343
23	59	37	22.8317
23	60	38	30.8205
23	61	39	38.8404
23	62	40	46.2817
23	63	41	53.2185
23	64	42	59.7557
23	65	43	65.9960
23	66	44	72.0225
23	67	45	77.8941
23	68	46	83.7009
23	69	47	89.5140
24	58	35	19.6464
24	59	36	17.5343
24	60	37	22.8317
24	61	38	30.8205
24	62	39	38.8404
24	63	40	46.2817
24	64	41	53.2185
24	65	42	59.7557
24	66	43	65.9960
24	67	44	72.0225
24	68	45	77.8941
24	69	46	83.7009
25	59	35	19.6464
25	60	36	17.5343
25	61	37	22.8317
25	62	38	30.8205
25	63	39	38.8404
25	64	40	46.2817
25	65	41	53.2185
25	66	42	59.7557
25	67	43	65.9960
25	68	44	72.0225
25	69	45	77.8941
26	60	35	19.6464
26	61	36	17.5343
26	62	37	22.8317
26	63	38	30.8205
26	64	39	38.8404
26	65	40	46.2817
26	66	41	53.2185
26	67	42	59.7557
26	68	43	65.9960
26	69	44	72.0225
27	61	35	19.6464
27	62	36	17.5343
27	63	37	22.8317
27	64	38	30.8205
27	65	39	38.8404
27	66	40	46.2817
27	67	41	53.2185
27	68	42	59.7557
27	69	43	65.9960
28	62	35	19.6464
28	63	36	17.5343
28	64	37	22.8317
28	65	38	30.8205
28	66	39	38.8404
28	67	40	46.2817
28	68	41	53.2185
28	69	42	59.7557
29	63	35	19.6464
29	64	36	17.5343
29	65	37	22.8317
29	66	38	30.8205
29	67	39	38.8404
29	68	40	46.2817
29	69	41	53.2185
30	64	35	19.6464
30	65	36	17.5343
30	66	37	22.8317
30	67	38	30.8205
30	68	39	38.8404
30	69	40	46.2817
31	65	35	19.6464
31	66	36	17.5343
31	67	37	22.8317
31	68	38	30.8205
31	69	39	38.8404
32	66	35	19.6464
32	67	36	17.5343
32	68	37	22.8317
32	69	38	30.8205
33	67	35	19.6464
33	68	36	17.5343
33	69	37	22.8317
34	68	35	19.6464
34	69	36	17.5343
35	69	35	19.6464
Min D6 error achieved with (0, 35): 17.534
Period length: 36
