Path is: working/FVO_microscopy_interpolated_PCHIP.csv
i	j	length	error
0	34	35	71.7395
0	35	36	66.2451
0	36	37	60.3858
0	37	38	54.0982
0	38	39	47.3203
0	39	40	39.7136
0	40	41	31.3898
0	41	42	23.6484
0	42	43	19.3564
0	43	44	21.7323
0	44	45	28.2226
0	45	46	35.0991
0	46	47	40.2456
0	47	48	42.2520
0	48	49	42.1362
0	49	50	42.1200
0	50	51	43.1835
0	51	52	45.3063
0	52	53	47.7010
0	53	54	49.8850
0	54	55	51.8772
0	55	56	53.7083
0	56	57	55.1112
0	57	58	56.0826
0	58	59	57.2021
0	59	60	59.0044
0	60	61	61.4320
0	61	62	64.2467
0	62	63	67.4338
0	63	64	71.1131
0	64	65	75.9958
0	65	66	83.2684
0	66	67	94.5129
0	67	68	111.2846
0	68	69	126.1031
1	35	35	71.7395
1	36	36	66.2451
1	37	37	60.3858
1	38	38	54.0982
1	39	39	47.3203
1	40	40	39.7136
1	41	41	31.3898
1	42	42	23.6484
1	43	43	19.3564
1	44	44	21.7323
1	45	45	28.2226
1	46	46	35.0991
1	47	47	40.2456
1	48	48	42.2520
1	49	49	42.1362
1	50	50	42.1200
1	51	51	43.1835
1	52	52	45.3063
1	53	53	47.7010
1	54	54	49.8850
1	55	55	51.8772
1	56	56	53.7083
1	57	57	55.1112
1	58	58	56.0826
1	59	59	57.2021
1	60	60	59.0044
1	61	61	61.4320
1	62	62	64.2467
1	63	63	67.4338
1	64	64	71.1131
1	65	65	75.9958
1	66	66	83.2684
1	67	67	94.5129
1	68	68	111.2846
1	69	69	126.1031
2	36	35	71.7395
2	37	36	66.2451
2	38	37	60.3858
2	39	38	54.0982
2	40	39	47.3203
2	41	40	39.7136
2	42	41	31.3898
2	43	42	23.6484
2	44	43	19.3564
2	45	44	21.7323
2	46	45	28.2226
2	47	46	35.0991
2	48	47	40.2456
2	49	48	42.2520
2	50	49	42.1362
2	51	50	42.1200
2	52	51	43.1835
2	53	52	45.3063
2	54	53	47.7010
2	55	54	49.8850
2	56	55	51.8772
2	57	56	53.7083
2	58	57	55.1112
2	59	58	56.0826
2	60	59	57.2021
2	61	60	59.0044
2	62	61	61.4320
2	63	62	64.2467
2	64	63	67.4338
2	65	64	71.1131
2	66	65	75.9958
2	67	66	83.2684
2	68	67	94.5129
2	69	68	111.2846
3	37	35	71.7395
3	38	36	66.2451
3	39	37	60.3858
3	40	38	54.0982
3	41	39	47.3203
3	42	40	39.7136
3	43	41	31.3898
3	44	42	23.6484
3	45	43	19.3564
3	46	44	21.7323
3	47	45	28.2226
3	48	46	35.0991
3	49	47	40.2456
3	50	48	42.2520
3	51	49	42.1362
3	52	50	42.1200
3	53	51	43.1835
3	54	52	45.3063
3	55	53	47.7010
3	56	54	49.8850
3	57	55	51.8772
3	58	56	53.7083
3	59	57	55.1112
3	60	58	56.0826
3	61	59	57.2021
3	62	60	59.0044
3	63	61	61.4320
3	64	62	64.2467
3	65	63	67.4338
3	66	64	71.1131
3	67	65	75.9958
3	68	66	83.2684
3	69	67	94.5129
4	38	35	71.7395
4	39	36	66.2451
4	40	37	60.3858
4	41	38	54.0982
4	42	39	47.3203
4	43	40	39.7136
4	44	41	31.3898
4	45	42	23.6484
4	46	43	19.3564
4	47	44	21.7323
4	48	45	28.2226
4	49	46	35.0991
4	50	47	40.2456
4	51	48	42.2520
4	52	49	42.1362
4	53	50	42.1200
4	54	51	43.1835
4	55	52	45.3063
4	56	53	47.7010
4	57	54	49.8850
4	58	55	51.8772
4	59	56	53.7083
4	60	57	55.1112
4	61	58	56.0826
4	62	59	57.2021
4	63	60	59.0044
4	64	61	61.4320
4	65	62	64.2467
4	66	63	67.4338
4	67	64	71.1131
4	68	65	75.9958
4	69	66	83.2684
5	39	35	71.7395
5	40	36	66.2451
5	41	37	60.3858
5	42	38	54.0982
5	43	39	47.3203
5	44	40	39.7136
5	45	41	31.3898
5	46	42	23.6484
5	47	43	19.3564
5	48	44	21.7323
5	49	45	28.2226
5	50	46	35.0991
5	51	47	40.2456
5	52	48	42.2520
5	53	49	42.1362
5	54	50	42.1200
5	55	51	43.1835
5	56	52	45.3063
5	57	53	47.7010
5	58	54	49.8850
5	59	55	51.8772
5	60	56	53.7083
5	61	57	55.1112
5	62	58	56.0826
5	63	59	57.2021
5	64	60	59.0044
5	65	61	61.4320
5	66	62	64.2467
5	67	63	67.4338
5	68	64	71.1131
5	69	65	75.9958
6	40	35	71.7395
6	41	36	66.2451
6	42	37	60.3858
6	43	38	54.0982
6	44	39	47.3203
6	45	40	39.7136
6	46	41	31.3898
6	47	42	23.6484
6	48	43	19.3564
6	49	44	21.7323
6	50	45	28.2226
6	51	46	35.0991
6	52	47	40.2456
6	53	48	42.2520
6	54	49	42.1362
6	55	50	42.1200
6	56	51	43.1835
6	57	52	45.3063
6	58	53	47.7010
6	59	54	49.8850
6	60	55	51.8772
6	61	56	53.7083
6	62	57	55.1112
6	63	58	56.0826
6	64	59	57.2021
6	65	60	59.0044
6	66	61	61.4320
6	67	62	64.2467
6	68	63	67.4338
6	69	64	71.1131
7	41	35	71.7395
7	42	36	66.2451
7	43	37	60.3858
7	44	38	54.0982
7	45	39	47.3203
7	46	40	39.7136
7	47	41	31.3898
7	48	42	23.6484
7	49	43	19.3564
7	50	44	21.7323
7	51	45	28.2226
7	52	46	35.0991
7	53	47	40.2456
7	54	48	42.2520
7	55	49	42.1362
7	56	50	42.1200
7	57	51	43.1835
7	58	52	45.3063
7	59	53	47.7010
7	60	54	49.8850
7	61	55	51.8772
7	62	56	53.7083
7	63	57	55.1112
7	64	58	56.0826
7	65	59	57.2021
7	66	60	59.0044
7	67	61	61.4320
7	68	62	64.2467
7	69	63	67.4338
8	42	35	71.7395
8	43	36	66.2451
8	44	37	60.3858
8	45	38	54.0982
8	46	39	47.3203
8	47	40	39.7136
8	48	41	31.3898
8	49	42	23.6484
8	50	43	19.3564
8	51	44	21.7323
8	52	45	28.2226
8	53	46	35.0991
8	54	47	40.2456
8	55	48	42.2520
8	56	49	42.1362
8	57	50	42.1200
8	58	51	43.1835
8	59	52	45.3063
8	60	53	47.7010
8	61	54	49.8850
8	62	55	51.8772
8	63	56	53.7083
8	64	57	55.1112
8	65	58	56.0826
8	66	59	57.2021
8	67	60	59.0044
8	68	61	61.4320
8	69	62	64.2467
9	43	35	71.7395
9	44	36	66.2451
9	45	37	60.3858
9	46	38	54.0982
9	47	39	47.3203
9	48	40	39.7136
9	49	41	31.3898
9	50	42	23.6484
9	51	43	19.3564
9	52	44	21.7323
9	53	45	28.2226
9	54	46	35.0991
9	55	47	40.2456
9	56	48	42.2520
9	57	49	42.1362
9	58	50	42.1200
9	59	51	43.1835
9	60	52	45.3063
9	61	53	47.7010
9	62	54	49.8850
9	63	55	51.8772
9	64	56	53.7083
9	65	57	55.1112
9	66	58	56.0826
9	67	59	57.2021
9	68	60	59.0044
9	69	61	61.4320
10	44	35	71.7395
10	45	36	66.2451
10	46	37	60.3858
10	47	38	54.0982
10	48	39	47.3203
10	49	40	39.7136
10	50	41	31.3898
10	51	42	23.6484
10	52	43	19.3564
10	53	44	21.7323
10	54	45	28.2226
10	55	46	35.0991
10	56	47	40.2456
10	57	48	42.2520
10	58	49	42.1362
10	59	50	42.1200
10	60	51	43.1835
10	61	52	45.3063
10	62	53	47.7010
10	63	54	49.8850
10	64	55	51.8772
10	65	56	53.7083
10	66	57	55.1112
10	67	58	56.0826
10	68	59	57.2021
10	69	60	59.0044
11	45	35	71.7395
11	46	36	66.2451
11	47	37	60.3858
11	48	38	54.0982
11	49	39	47.3203
11	50	40	39.7136
11	51	41	31.3898
11	52	42	23.6484
11	53	43	19.3564
11	54	44	21.7323
11	55	45	28.2226
11	56	46	35.0991
11	57	47	40.2456
11	58	48	42.2520
11	59	49	42.1362
11	60	50	42.1200
11	61	51	43.1835
11	62	52	45.3063
11	63	53	47.7010
11	64	54	49.8850
11	65	55	51.8772
11	66	56	53.7083
11	67	57	55.1112
11	68	58	56.0826
11	69	59	57.2021
12	46	35	71.7395
12	47	36	66.2451
12	48	37	60.3858
12	49	38	54.0982
12	50	39	47.3203
12	51	40	39.7136
12	52	41	31.3898
12	53	42	23.6484
12	54	43	19.3564
12	55	44	21.7323
12	56	45	28.2226
12	57	46	35.0991
12	58	47	40.2456
12	59	48	42.2520
12	60	49	42.1362
12	61	50	42.1200
12	62	51	43.1835
12	63	52	45.3063
12	64	53	47.7010
12	65	54	49.8850
12	66	55	51.8772
12	67	56	53.7083
12	68	57	55.1112
12	69	58	56.0826
13	47	35	71.7395
13	48	36	66.2451
13	49	37	60.3858
13	50	38	54.0982
13	51	39	47.3203
13	52	40	39.7136
13	53	41	31.3898
13	54	42	23.6484
13	55	43	19.3564
13	56	44	21.7323
13	57	45	28.2226
13	58	46	35.0991
13	59	47	40.2456
13	60	48	42.2520
13	61	49	42.1362
13	62	50	42.1200
13	63	51	43.1835
13	64	52	45.3063
13	65	53	47.7010
13	66	54	49.8850
13	67	55	51.8772
13	68	56	53.7083
13	69	57	55.1112
14	48	35	71.7395
14	49	36	66.2451
14	50	37	60.3858
14	51	38	54.0982
14	52	39	47.3203
14	53	40	39.7136
14	54	41	31.3898
14	55	42	23.6484
14	56	43	19.3564
14	57	44	21.7323
14	58	45	28.2226
14	59	46	35.0991
14	60	47	40.2456
14	61	48	42.2520
14	62	49	42.1362
14	63	50	42.1200
14	64	51	43.1835
14	65	52	45.3063
14	66	53	47.7010
14	67	54	49.8850
14	68	55	51.8772
14	69	56	53.7083
15	49	35	71.7395
15	50	36	66.2451
15	51	37	60.3858
15	52	38	54.0982
15	53	39	47.3203
15	54	40	39.7136
15	55	41	31.3898
15	56	42	23.6484
15	57	43	19.3564
15	58	44	21.7323
15	59	45	28.2226
15	60	46	35.0991
15	61	47	40.2456
15	62	48	42.2520
15	63	49	42.1362
15	64	50	42.1200
15	65	51	43.1835
15	66	52	45.3063
15	67	53	47.7010
15	68	54	49.8850
15	69	55	51.8772
16	50	35	71.7395
16	51	36	66.2451
16	52	37	60.3858
16	53	38	54.0982
16	54	39	47.3203
16	55	40	39.7136
16	56	41	31.3898
16	57	42	23.6484
16	58	43	19.3564
16	59	44	21.7323
16	60	45	28.2226
16	61	46	35.0991
16	62	47	40.2456
16	63	48	42.2520
16	64	49	42.1362
16	65	50	42.1200
16	66	51	43.1835
16	67	52	45.3063
16	68	53	47.7010
16	69	54	49.8850
17	51	35	71.7395
17	52	36	66.2451
17	53	37	60.3858
17	54	38	54.0982
17	55	39	47.3203
17	56	40	39.7136
17	57	41	31.3898
17	58	42	23.6484
17	59	43	19.3564
17	60	44	21.7323
17	61	45	28.2226
17	62	46	35.0991
17	63	47	40.2456
17	64	48	42.2520
17	65	49	42.1362
17	66	50	42.1200
17	67	51	43.1835
17	68	52	45.3063
17	69	53	47.7010
18	52	35	71.7395
18	53	36	66.2451
18	54	37	60.3858
18	55	38	54.0982
18	56	39	47.3203
18	57	40	39.7136
18	58	41	31.3898
18	59	42	23.6484
18	60	43	19.3564
18	61	44	21.7323
18	62	45	28.2226
18	63	46	35.0991
18	64	47	40.2456
18	65	48	42.2520
18	66	49	42.1362
18	67	50	42.1200
18	68	51	43.1835
18	69	52	45.3063
19	53	35	71.7395
19	54	36	66.2451
19	55	37	60.3858
19	56	38	54.0982
19	57	39	47.3203
19	58	40	39.7136
19	59	41	31.3898
19	60	42	23.6484
19	61	43	19.3564
19	62	44	21.7323
19	63	45	28.2226
19	64	46	35.0991
19	65	47	40.2456
19	66	48	42.2520
19	67	49	42.1362
19	68	50	42.1200
19	69	51	43.1835
20	54	35	71.7395
20	55	36	66.2451
20	56	37	60.3858
20	57	38	54.0982
20	58	39	47.3203
20	59	40	39.7136
20	60	41	31.3898
20	61	42	23.6484
20	62	43	19.3564
20	63	44	21.7323
20	64	45	28.2226
20	65	46	35.0991
20	66	47	40.2456
20	67	48	42.2520
20	68	49	42.1362
20	69	50	42.1200
21	55	35	71.7395
21	56	36	66.2451
21	57	37	60.3858
21	58	38	54.0982
21	59	39	47.3203
21	60	40	39.7136
21	61	41	31.3898
21	62	42	23.6484
21	63	43	19.3564
21	64	44	21.7323
21	65	45	28.2226
21	66	46	35.0991
21	67	47	40.2456
21	68	48	42.2520
21	69	49	42.1362
22	56	35	71.7395
22	57	36	66.2451
22	58	37	60.3858
22	59	38	54.0982
22	60	39	47.3203
22	61	40	39.7136
22	62	41	31.3898
22	63	42	23.6484
22	64	43	19.3564
22	65	44	21.7323
22	66	45	28.2226
22	67	46	35.0991
22	68	47	40.2456
22	69	48	42.2520
23	57	35	71.7395
23	58	36	66.2451
23	59	37	60.3858
23	60	38	54.0982
23	61	39	47.3203
23	62	40	39.7136
23	63	41	31.3898
23	64	42	23.6484
23	65	43	19.3564
23	66	44	21.7323
23	67	45	28.2226
23	68	46	35.0991
23	69	47	40.2456
24	58	35	71.7395
24	59	36	66.2451
24	60	37	60.3858
24	61	38	54.0982
24	62	39	47.3203
24	63	40	39.7136
24	64	41	31.3898
24	65	42	23.6484
24	66	43	19.3564
24	67	44	21.7323
24	68	45	28.2226
24	69	46	35.0991
25	59	35	71.7395
25	60	36	66.2451
25	61	37	60.3858
25	62	38	54.0982
25	63	39	47.3203
25	64	40	39.7136
25	65	41	31.3898
25	66	42	23.6484
25	67	43	19.3564
25	68	44	21.7323
25	69	45	28.2226
26	60	35	71.7395
26	61	36	66.2451
26	62	37	60.3858
26	63	38	54.0982
26	64	39	47.3203
26	65	40	39.7136
26	66	41	31.3898
26	67	42	23.6484
26	68	43	19.3564
26	69	44	21.7323
27	61	35	71.7395
27	62	36	66.2451
27	63	37	60.3858
27	64	38	54.0982
27	65	39	47.3203
27	66	40	39.7136
27	67	41	31.3898
27	68	42	23.6484
27	69	43	19.3564
28	62	35	71.7395
28	63	36	66.2451
28	64	37	60.3858
28	65	38	54.0982
28	66	39	47.3203
28	67	40	39.7136
28	68	41	31.3898
28	69	42	23.6484
29	63	35	71.7395
29	64	36	66.2451
29	65	37	60.3858
29	66	38	54.0982
29	67	39	47.3203
29	68	40	39.7136
29	69	41	31.3898
30	64	35	71.7395
30	65	36	66.2451
30	66	37	60.3858
30	67	38	54.0982
30	68	39	47.3203
30	69	40	39.7136
31	65	35	71.7395
31	66	36	66.2451
31	67	37	60.3858
31	68	38	54.0982
31	69	39	47.3203
32	66	35	71.7395
32	67	36	66.2451
32	68	37	60.3858
32	69	38	54.0982
33	67	35	71.7395
33	68	36	66.2451
33	69	37	60.3858
34	68	35	71.7395
34	69	36	66.2451
35	69	35	71.7395
Min FVO error achieved with (0, 42): 19.356
Period length: 43
