Path is: working/SA250_microscopy_interpolated_PCHIP.csv
i	j	length	error
0	31	32	115.8804
0	32	33	113.8402
0	33	34	111.4473
0	34	35	108.7055
0	35	36	105.5376
0	36	37	101.8498
0	37	38	98.7039
0	38	39	96.8908
0	39	40	95.7287
0	40	41	94.5001
0	41	42	92.7706
0	42	43	90.3516
0	43	44	87.5363
0	44	45	84.5133
0	45	46	81.1491
0	46	47	77.2334
0	47	48	72.4910
0	48	49	66.5628
0	49	50	59.2947
0	50	51	51.2471
0	51	52	43.7633
0	52	53	38.4296
0	53	54	36.3987
0	54	55	38.0793
0	55	56	42.7716
0	56	57	49.0034
0	57	58	56.1691
0	58	59	63.1384
0	59	60	67.8100
0	60	61	69.5203
0	61	62	78.0883
0	62	63	90.7520
1	32	32	115.8804
1	33	33	113.8402
1	34	34	111.4473
1	35	35	108.7055
1	36	36	105.5376
1	37	37	101.8498
1	38	38	98.7039
1	39	39	96.8908
1	40	40	95.7287
1	41	41	94.5001
1	42	42	92.7706
1	43	43	90.3516
1	44	44	87.5363
1	45	45	84.5133
1	46	46	81.1491
1	47	47	77.2334
1	48	48	72.4910
1	49	49	66.5628
1	50	50	59.2947
1	51	51	51.2471
1	52	52	43.7633
1	53	53	38.4296
1	54	54	36.3987
1	55	55	38.0793
1	56	56	42.7716
1	57	57	49.0034
1	58	58	56.1691
1	59	59	63.1384
1	60	60	67.8100
1	61	61	69.5203
1	62	62	78.0883
1	63	63	90.7520
2	33	32	115.8804
2	34	33	113.8402
2	35	34	111.4473
2	36	35	108.7055
2	37	36	105.5376
2	38	37	101.8498
2	39	38	98.7039
2	40	39	96.8908
2	41	40	95.7287
2	42	41	94.5001
2	43	42	92.7706
2	44	43	90.3516
2	45	44	87.5363
2	46	45	84.5133
2	47	46	81.1491
2	48	47	77.2334
2	49	48	72.4910
2	50	49	66.5628
2	51	50	59.2947
2	52	51	51.2471
2	53	52	43.7633
2	54	53	38.4296
2	55	54	36.3987
2	56	55	38.0793
2	57	56	42.7716
2	58	57	49.0034
2	59	58	56.1691
2	60	59	63.1384
2	61	60	67.8100
2	62	61	69.5203
2	63	62	78.0883
3	34	32	115.8804
3	35	33	113.8402
3	36	34	111.4473
3	37	35	108.7055
3	38	36	105.5376
3	39	37	101.8498
3	40	38	98.7039
3	41	39	96.8908
3	42	40	95.7287
3	43	41	94.5001
3	44	42	92.7706
3	45	43	90.3516
3	46	44	87.5363
3	47	45	84.5133
3	48	46	81.1491
3	49	47	77.2334
3	50	48	72.4910
3	51	49	66.5628
3	52	50	59.2947
3	53	51	51.2471
3	54	52	43.7633
3	55	53	38.4296
3	56	54	36.3987
3	57	55	38.0793
3	58	56	42.7716
3	59	57	49.0034
3	60	58	56.1691
3	61	59	63.1384
3	62	60	67.8100
3	63	61	69.5203
4	35	32	115.8804
4	36	33	113.8402
4	37	34	111.4473
4	38	35	108.7055
4	39	36	105.5376
4	40	37	101.8498
4	41	38	98.7039
4	42	39	96.8908
4	43	40	95.7287
4	44	41	94.5001
4	45	42	92.7706
4	46	43	90.3516
4	47	44	87.5363
4	48	45	84.5133
4	49	46	81.1491
4	50	47	77.2334
4	51	48	72.4910
4	52	49	66.5628
4	53	50	59.2947
4	54	51	51.2471
4	55	52	43.7633
4	56	53	38.4296
4	57	54	36.3987
4	58	55	38.0793
4	59	56	42.7716
4	60	57	49.0034
4	61	58	56.1691
4	62	59	63.1384
4	63	60	67.8100
5	36	32	115.8804
5	37	33	113.8402
5	38	34	111.4473
5	39	35	108.7055
5	40	36	105.5376
5	41	37	101.8498
5	42	38	98.7039
5	43	39	96.8908
5	44	40	95.7287
5	45	41	94.5001
5	46	42	92.7706
5	47	43	90.3516
5	48	44	87.5363
5	49	45	84.5133
5	50	46	81.1491
5	51	47	77.2334
5	52	48	72.4910
5	53	49	66.5628
5	54	50	59.2947
5	55	51	51.2471
5	56	52	43.7633
5	57	53	38.4296
5	58	54	36.3987
5	59	55	38.0793
5	60	56	42.7716
5	61	57	49.0034
5	62	58	56.1691
5	63	59	63.1384
6	37	32	115.8804
6	38	33	113.8402
6	39	34	111.4473
6	40	35	108.7055
6	41	36	105.5376
6	42	37	101.8498
6	43	38	98.7039
6	44	39	96.8908
6	45	40	95.7287
6	46	41	94.5001
6	47	42	92.7706
6	48	43	90.3516
6	49	44	87.5363
6	50	45	84.5133
6	51	46	81.1491
6	52	47	77.2334
6	53	48	72.4910
6	54	49	66.5628
6	55	50	59.2947
6	56	51	51.2471
6	57	52	43.7633
6	58	53	38.4296
6	59	54	36.3987
6	60	55	38.0793
6	61	56	42.7716
6	62	57	49.0034
6	63	58	56.1691
7	38	32	115.8804
7	39	33	113.8402
7	40	34	111.4473
7	41	35	108.7055
7	42	36	105.5376
7	43	37	101.8498
7	44	38	98.7039
7	45	39	96.8908
7	46	40	95.7287
7	47	41	94.5001
7	48	42	92.7706
7	49	43	90.3516
7	50	44	87.5363
7	51	45	84.5133
7	52	46	81.1491
7	53	47	77.2334
7	54	48	72.4910
7	55	49	66.5628
7	56	50	59.2947
7	57	51	51.2471
7	58	52	43.7633
7	59	53	38.4296
7	60	54	36.3987
7	61	55	38.0793
7	62	56	42.7716
7	63	57	49.0034
8	39	32	115.8804
8	40	33	113.8402
8	41	34	111.4473
8	42	35	108.7055
8	43	36	105.5376
8	44	37	101.8498
8	45	38	98.7039
8	46	39	96.8908
8	47	40	95.7287
8	48	41	94.5001
8	49	42	92.7706
8	50	43	90.3516
8	51	44	87.5363
8	52	45	84.5133
8	53	46	81.1491
8	54	47	77.2334
8	55	48	72.4910
8	56	49	66.5628
8	57	50	59.2947
8	58	51	51.2471
8	59	52	43.7633
8	60	53	38.4296
8	61	54	36.3987
8	62	55	38.0793
8	63	56	42.7716
9	40	32	115.8804
9	41	33	113.8402
9	42	34	111.4473
9	43	35	108.7055
9	44	36	105.5376
9	45	37	101.8498
9	46	38	98.7039
9	47	39	96.8908
9	48	40	95.7287
9	49	41	94.5001
9	50	42	92.7706
9	51	43	90.3516
9	52	44	87.5363
9	53	45	84.5133
9	54	46	81.1491
9	55	47	77.2334
9	56	48	72.4910
9	57	49	66.5628
9	58	50	59.2947
9	59	51	51.2471
9	60	52	43.7633
9	61	53	38.4296
9	62	54	36.3987
9	63	55	38.0793
10	41	32	115.8804
10	42	33	113.8402
10	43	34	111.4473
10	44	35	108.7055
10	45	36	105.5376
10	46	37	101.8498
10	47	38	98.7039
10	48	39	96.8908
10	49	40	95.7287
10	50	41	94.5001
10	51	42	92.7706
10	52	43	90.3516
10	53	44	87.5363
10	54	45	84.5133
10	55	46	81.1491
10	56	47	77.2334
10	57	48	72.4910
10	58	49	66.5628
10	59	50	59.2947
10	60	51	51.2471
10	61	52	43.7633
10	62	53	38.4296
10	63	54	36.3987
11	42	32	115.8804
11	43	33	113.8402
11	44	34	111.4473
11	45	35	108.7055
11	46	36	105.5376
11	47	37	101.8498
11	48	38	98.7039
11	49	39	96.8908
11	50	40	95.7287
11	51	41	94.5001
11	52	42	92.7706
11	53	43	90.3516
11	54	44	87.5363
11	55	45	84.5133
11	56	46	81.1491
11	57	47	77.2334
11	58	48	72.4910
11	59	49	66.5628
11	60	50	59.2947
11	61	51	51.2471
11	62	52	43.7633
11	63	53	38.4296
12	43	32	115.8804
12	44	33	113.8402
12	45	34	111.4473
12	46	35	108.7055
12	47	36	105.5376
12	48	37	101.8498
12	49	38	98.7039
12	50	39	96.8908
12	51	40	95.7287
12	52	41	94.5001
12	53	42	92.7706
12	54	43	90.3516
12	55	44	87.5363
12	56	45	84.5133
12	57	46	81.1491
12	58	47	77.2334
12	59	48	72.4910
12	60	49	66.5628
12	61	50	59.2947
12	62	51	51.2471
12	63	52	43.7633
13	44	32	115.8804
13	45	33	113.8402
13	46	34	111.4473
13	47	35	108.7055
13	48	36	105.5376
13	49	37	101.8498
13	50	38	98.7039
13	51	39	96.8908
13	52	40	95.7287
13	53	41	94.5001
13	54	42	92.7706
13	55	43	90.3516
13	56	44	87.5363
13	57	45	84.5133
13	58	46	81.1491
13	59	47	77.2334
13	60	48	72.4910
13	61	49	66.5628
13	62	50	59.2947
13	63	51	51.2471
14	45	32	115.8804
14	46	33	113.8402
14	47	34	111.4473
14	48	35	108.7055
14	49	36	105.5376
14	50	37	101.8498
14	51	38	98.7039
14	52	39	96.8908
14	53	40	95.7287
14	54	41	94.5001
14	55	42	92.7706
14	56	43	90.3516
14	57	44	87.5363
14	58	45	84.5133
14	59	46	81.1491
14	60	47	77.2334
14	61	48	72.4910
14	62	49	66.5628
14	63	50	59.2947
15	46	32	115.8804
15	47	33	113.8402
15	48	34	111.4473
15	49	35	108.7055
15	50	36	105.5376
15	51	37	101.8498
15	52	38	98.7039
15	53	39	96.8908
15	54	40	95.7287
15	55	41	94.5001
15	56	42	92.7706
15	57	43	90.3516
15	58	44	87.5363
15	59	45	84.5133
15	60	46	81.1491
15	61	47	77.2334
15	62	48	72.4910
15	63	49	66.5628
16	47	32	115.8804
16	48	33	113.8402
16	49	34	111.4473
16	50	35	108.7055
16	51	36	105.5376
16	52	37	101.8498
16	53	38	98.7039
16	54	39	96.8908
16	55	40	95.7287
16	56	41	94.5001
16	57	42	92.7706
16	58	43	90.3516
16	59	44	87.5363
16	60	45	84.5133
16	61	46	81.1491
16	62	47	77.2334
16	63	48	72.4910
17	48	32	115.8804
17	49	33	113.8402
17	50	34	111.4473
17	51	35	108.7055
17	52	36	105.5376
17	53	37	101.8498
17	54	38	98.7039
17	55	39	96.8908
17	56	40	95.7287
17	57	41	94.5001
17	58	42	92.7706
17	59	43	90.3516
17	60	44	87.5363
17	61	45	84.5133
17	62	46	81.1491
17	63	47	77.2334
18	49	32	115.8804
18	50	33	113.8402
18	51	34	111.4473
18	52	35	108.7055
18	53	36	105.5376
18	54	37	101.8498
18	55	38	98.7039
18	56	39	96.8908
18	57	40	95.7287
18	58	41	94.5001
18	59	42	92.7706
18	60	43	90.3516
18	61	44	87.5363
18	62	45	84.5133
18	63	46	81.1491
19	50	32	115.8804
19	51	33	113.8402
19	52	34	111.4473
19	53	35	108.7055
19	54	36	105.5376
19	55	37	101.8498
19	56	38	98.7039
19	57	39	96.8908
19	58	40	95.7287
19	59	41	94.5001
19	60	42	92.7706
19	61	43	90.3516
19	62	44	87.5363
19	63	45	84.5133
20	51	32	115.8804
20	52	33	113.8402
20	53	34	111.4473
20	54	35	108.7055
20	55	36	105.5376
20	56	37	101.8498
20	57	38	98.7039
20	58	39	96.8908
20	59	40	95.7287
20	60	41	94.5001
20	61	42	92.7706
20	62	43	90.3516
20	63	44	87.5363
21	52	32	115.8804
21	53	33	113.8402
21	54	34	111.4473
21	55	35	108.7055
21	56	36	105.5376
21	57	37	101.8498
21	58	38	98.7039
21	59	39	96.8908
21	60	40	95.7287
21	61	41	94.5001
21	62	42	92.7706
21	63	43	90.3516
22	53	32	115.8804
22	54	33	113.8402
22	55	34	111.4473
22	56	35	108.7055
22	57	36	105.5376
22	58	37	101.8498
22	59	38	98.7039
22	60	39	96.8908
22	61	40	95.7287
22	62	41	94.5001
22	63	42	92.7706
23	54	32	115.8804
23	55	33	113.8402
23	56	34	111.4473
23	57	35	108.7055
23	58	36	105.5376
23	59	37	101.8498
23	60	38	98.7039
23	61	39	96.8908
23	62	40	95.7287
23	63	41	94.5001
24	55	32	115.8804
24	56	33	113.8402
24	57	34	111.4473
24	58	35	108.7055
24	59	36	105.5376
24	60	37	101.8498
24	61	38	98.7039
24	62	39	96.8908
24	63	40	95.7287
25	56	32	115.8804
25	57	33	113.8402
25	58	34	111.4473
25	59	35	108.7055
25	60	36	105.5376
25	61	37	101.8498
25	62	38	98.7039
25	63	39	96.8908
26	57	32	115.8804
26	58	33	113.8402
26	59	34	111.4473
26	60	35	108.7055
26	61	36	105.5376
26	62	37	101.8498
26	63	38	98.7039
27	58	32	115.8804
27	59	33	113.8402
27	60	34	111.4473
27	61	35	108.7055
27	62	36	105.5376
27	63	37	101.8498
28	59	32	115.8804
28	60	33	113.8402
28	61	34	111.4473
28	62	35	108.7055
28	63	36	105.5376
29	60	32	115.8804
29	61	33	113.8402
29	62	34	111.4473
29	63	35	108.7055
30	61	32	115.8804
30	62	33	113.8402
30	63	34	111.4473
31	62	32	115.8804
31	63	33	113.8402
32	63	32	115.8804
Min SA250 error achieved with (0, 53): 36.399
Period length: 54
